Path: [18, 14, 22, 25, 23, 24, 26, 27, 19, 21, 20, 17, 13, 16, 15, 12, 11, 7, 5, 1, 2, 6, 3, -1, 0, 4, 8, 9, 10], Cost: 29751
Path: [23, 25, 22, 14, 18, 24, 26, 27, 21, 19, 15, 12, 11, 7, 5, 1, 2, 3, -1, 0, 4, 9, 8, 6, 10, 13, 17, 16, 20], Cost: 29714
Path: [22, 25, 23, 14, 12, 11, 7, 5, 1, 2, 6, 3, -1, 0, 4, 8, 9, 10, 13, 17, 16, 15, 19, 20, 21, 27, 26, 24, 18], Cost: 28016
Path: [6, 3, -1, 0, 4, 8, 9, 10, 13, 17, 16, 20, 21, 19, 27, 26, 24, 23, 25, 22, 14, 18, 15, 12, 11, 7, 5, 1, 2], Cost: 27750
Path: [7, 5, 1, 2, 3, -1, 0, 4, 9, 8, 6, 10, 13, 17, 16, 15, 19, 20, 21, 27, 26, 24, 23, 25, 22, 14, 18, 12, 11], Cost: 28503
Path: [19, 20, 21, 27, 26, 24, 23, 25, 22, 14, 18, 12, 11, 7, 5, 1, 2, 3, -1, 0, 4, 9, 8, 6, 10, 13, 17, 16, 15], Cost: 28503
Path: [6, 10, 13, 17, 20, 21, 27, 26, 24, 23, 25, 22, 14, 18, 19, 16, 15, 12, 11, 7, 5, 1, 2, 3, -1, 0, 4, 9, 8], Cost: 29184
Path: [9, 8, 4, 0, -1, 3, 2, 1, 5, 7, 6, 10, 11, 12, 14, 22, 25, 23, 18, 24, 26, 27, 19, 21, 20, 17, 13, 16, 15], Cost: 29777
Path: [16, 15, 14, 22, 25, 23, 18, 24, 26, 27, 19, 21, 20, 17, 13, 10, 9, 8, 4, 0, -1, 3, 6, 2, 1, 5, 7, 11, 12], Cost: 28783
Path: [6, 3, 2, 1, 5, 7, 11, 12, 15, 18, 14, 22, 25, 23, 24, 26, 27, 19, 21, 20, 16, 17, 13, 10, 9, 8, 4, -1, 0], Cost: 28617
Path: [13, 17, 16, 20, 21, 19, 27, 26, 24, 23, 25, 22, 14, 18, 15, 12, 11, 10, 9, 8, 4, 0, -1, 3, 6, 2, 1, 7, 5], Cost: 29942
Path: [3, -1, 0, 4, 8, 9, 13, 17, 16, 15, 19, 20, 21, 27, 26, 24, 18, 23, 25, 22, 14, 12, 11, 10, 6, 2, 1, 5, 7], Cost: 29133
Path: [5, 1, 2, 6, 7, 11, 12, 14, 22, 25, 23, 18, 24, 26, 27, 21, 20, 19, 15, 16, 17, 13, 10, 9, 8, 4, 0, -1, 3], Cost: 29274
Path: [17, 13, 9, 8, 4, 0, -1, 3, 2, 1, 5, 7, 6, 10, 11, 12, 14, 22, 25, 23, 18, 24, 26, 27, 19, 15, 16, 20, 21], Cost: 28854
Path: [0, -1, 4, 3, 2, 1, 5, 7, 12, 14, 22, 25, 23, 18, 24, 26, 27, 21, 20, 19, 15, 16, 17, 13, 11, 10, 6, 8, 9], Cost: 29256
Path: [-1, 0, 4, 3, 2, 1, 5, 7, 6, 8, 9, 10, 11, 12, 15, 16, 13, 17, 20, 21, 19, 27, 26, 24, 23, 25, 22, 14, 18], Cost: 32716
Path: [25, 23, 22, 14, 18, 15, 12, 11, 7, 5, 1, 2, 6, 3, -1, 0, 4, 8, 9, 10, 13, 17, 16, 20, 21, 19, 27, 26, 24], Cost: 27878
Path: [8, 9, 10, 13, 17, 20, 21, 19, 27, 26, 24, 23, 25, 22, 14, 18, 15, 16, 12, 11, 7, 5, 6, 4, 0, -1, 3, 2, 1], Cost: 31447
Path: [21, 20, 19, 27, 26, 24, 23, 25, 22, 14, 18, 15, 16, 17, 13, 9, 8, 4, 0, -1, 3, 2, 1, 5, 7, 6, 10, 11, 12], Cost: 29353
Path: [22, 25, 23, 14, 18, 24, 26, 27, 21, 19, 15, 12, 11, 7, 5, 1, 2, 6, 3, -1, 0, 4, 8, 9, 10, 13, 17, 16, 20], Cost: 29691
Path: [7, 5, 1, 2, 3, -1, 0, 4, 9, 8, 6, 10, 11, 13, 17, 16, 15, 19, 20, 21, 27, 26, 24, 18, 23, 25, 22, 14, 12], Cost: 29071
Path: [27, 19, 21, 20, 16, 17, 13, 10, 9, 8, 4, 0, -1, 3, 6, 2, 1, 5, 7, 11, 12, 15, 14, 22, 25, 23, 18, 24, 26], Cost: 28031
Path: [-1, 0, 4, 3, 2, 1, 5, 7, 6, 8, 9, 10, 11, 12, 15, 16, 13, 17, 20, 21, 19, 27, 26, 24, 18, 14, 23, 25, 22], Cost: 33367
Path: [-1, 0, 3, 2, 1, 5, 7, 11, 12, 14, 22, 25, 23, 18, 24, 26, 27, 21, 20, 19, 15, 16, 17, 13, 9, 8, 10, 6, 4], Cost: 28396
Path: [5, 7, 1, 2, 3, -1, 0, 4, 9, 8, 6, 10, 11, 12, 15, 16, 13, 17, 20, 21, 19, 27, 26, 24, 18, 14, 23, 25, 22], Cost: 31461
Path: [14, 22, 25, 23, 18, 24, 26, 27, 19, 21, 20, 17, 13, 16, 15, 12, 11, 10, 9, 8, 4, 0, -1, 3, 2, 6, 7, 5, 1], Cost: 30175
Path: [5, 7, 1, 2, 3, -1, 0, 4, 9, 8, 6, 10, 11, 12, 15, 16, 13, 17, 20, 21, 19, 27, 26, 24, 18, 14, 23, 25, 22], Cost: 31461
Path: [10, 13, 17, 20, 21, 19, 27, 26, 24, 23, 25, 22, 14, 18, 15, 16, 12, 11, 7, 5, 1, 2, 3, -1, 0, 4, 9, 8, 6], Cost: 28983
Path: [19, 16, 15, 12, 11, 10, 6, 7, 5, 1, 2, 3, -1, 0, 4, 8, 9, 13, 17, 20, 21, 27, 26, 24, 23, 25, 22, 14, 18], Cost: 29144
Path: [18, 24, 23, 25, 22, 14, 12, 11, 7, 5, 1, 2, 6, 3, -1, 0, 4, 8, 9, 10, 13, 17, 16, 15, 19, 20, 21, 27, 26], Cost: 27959
Path: [6, 10, 9, 8, 4, 0, -1, 3, 2, 1, 5, 7, 11, 12, 15, 16, 13, 17, 20, 21, 19, 27, 26, 24, 18, 14, 23, 25, 22], Cost: 31096
Path: [5, 1, 2, 3, -1, 0, 4, 8, 9, 10, 6, 7, 11, 12, 13, 17, 16, 20, 21, 19, 27, 26, 15, 18, 24, 23, 25, 22, 14], Cost: 32065
Path: [27, 19, 21, 20, 16, 17, 13, 9, 8, 4, 0, -1, 3, 2, 1, 5, 7, 6, 10, 11, 12, 15, 14, 22, 25, 23, 18, 24, 26], Cost: 28472
Path: [26, 24, 18, 23, 25, 22, 14, 12, 11, 7, 5, 1, 2, 6, 3, -1, 0, 4, 8, 9, 10, 13, 17, 16, 15, 19, 27, 21, 20], Cost: 28149
Path: [3, -1, 0, 4, 9, 8, 6, 2, 1, 5, 7, 10, 11, 12, 15, 16, 13, 17, 20, 21, 19, 27, 18, 14, 22, 25, 23, 24, 26], Cost: 34251
Path: [27, 26, 24, 23, 25, 22, 14, 18, 19, 21, 20, 17, 16, 15, 12, 11, 7, 5, 1, 2, 6, 3, -1, 0, 4, 8, 9, 10, 13], Cost: 29493
Path: [14, 22, 25, 23, 18, 24, 26, 27, 19, 21, 20, 17, 13, 16, 15, 12, 11, 10, 9, 8, 4, 0, -1, 3, 6, 2, 1, 5, 7], Cost: 28779
Path: [24, 23, 25, 22, 14, 18, 26, 27, 21, 20, 19, 15, 16, 17, 13, 10, 9, 8, 4, 0, -1, 3, 6, 2, 1, 5, 7, 11, 12], Cost: 28815
Path: [3, -1, 0, 4, 8, 9, 13, 17, 16, 20, 21, 19, 27, 26, 24, 23, 25, 22, 14, 18, 15, 12, 11, 7, 5, 1, 2, 6, 10], Cost: 29369
Path: [10, 6, 2, 1, 5, 7, 11, 12, 15, 14, 22, 25, 23, 18, 24, 26, 27, 19, 21, 20, 16, 17, 13, 9, 8, 4, 0, -1, 3], Cost: 29650
Path: [20, 21, 27, 26, 24, 23, 25, 22, 14, 18, 15, 19, 16, 17, 13, 12, 11, 7, 5, 1, 2, 3, -1, 0, 4, 6, 10, 9, 8], Cost: 31728
Path: [16, 19, 21, 20, 17, 13, 10, 9, 8, 4, 0, -1, 3, 6, 2, 1, 5, 7, 11, 12, 15, 14, 22, 25, 23, 18, 24, 26, 27], Cost: 29018
Path: [5, 1, 2, 3, -1, 0, 4, 9, 8, 6, 10, 11, 13, 17, 16, 15, 19, 20, 21, 27, 26, 24, 18, 23, 25, 22, 14, 12, 7], Cost: 29071
Path: [14, 22, 25, 23, 18, 24, 26, 27, 21, 20, 19, 15, 16, 17, 13, 10, 9, 8, 4, 0, -1, 3, 6, 2, 1, 5, 7, 11, 12], Cost: 27603
Path: [17, 13, 16, 20, 21, 19, 27, 26, 24, 23, 25, 22, 14, 18, 15, 12, 11, 7, 5, 1, 2, 3, -1, 0, 4, 8, 9, 10, 6], Cost: 30122
Path: [7, 5, 1, 2, 3, -1, 0, 4, 9, 8, 6, 10, 11, 13, 17, 16, 15, 19, 20, 21, 27, 26, 24, 23, 25, 22, 14, 18, 12], Cost: 29490
Path: [23, 25, 22, 14, 12, 7, 5, 1, 2, 3, -1, 0, 4, 9, 8, 6, 10, 11, 13, 17, 20, 21, 27, 26, 19, 16, 15, 18, 24], Cost: 30170
Path: [22, 25, 23, 14, 18, 24, 26, 27, 21, 20, 19, 15, 16, 17, 13, 9, 8, 4, 0, -1, 3, 2, 1, 5, 7, 6, 10, 11, 12], Cost: 28997
Path: [10, 13, 17, 16, 15, 19, 20, 21, 27, 26, 24, 18, 23, 25, 22, 14, 12, 11, 7, 5, 1, 2, 3, -1, 0, 4, 9, 8, 6], Cost: 28084
Path: [9, 8, 10, 13, 17, 16, 15, 19, 20, 21, 27, 26, 24, 18, 23, 25, 22, 14, 12, 11, 7, 5, 1, 2, 6, 3, -1, 0, 4], Cost: 27612
Path: [18, 14, 22, 25, 23, 24, 26, 27, 19, 21, 20, 17, 13, 16, 15, 12, 11, 10, 9, 8, 4, 0, -1, 3, 2, 6, 7, 5, 1], Cost: 31096
Path: [9, 8, 4, 0, -1, 3, 2, 1, 5, 7, 6, 10, 11, 12, 13, 17, 16, 20, 21, 19, 27, 26, 15, 18, 14, 22, 25, 23, 24], Cost: 32523
Path: [8, 9, 4, 0, -1, 3, 2, 1, 5, 7, 6, 10, 11, 12, 15, 16, 13, 17, 20, 21, 19, 27, 26, 24, 18, 14, 23, 25, 22], Cost: 31669
Path: [24, 23, 25, 22, 14, 18, 12, 7, 5, 1, 2, 3, -1, 0, 4, 9, 8, 6, 10, 11, 13, 17, 16, 15, 19, 20, 21, 27, 26], Cost: 29490
